// 28000014 esta aqui y no en archivo de secciones y
// 31000014 esta en secciones y no aqui
28000000
28000001
28000002
28000003
28000004
28000005
28000006
28000007
28000008
28000009
28000010
28000011
28000012
28000013
28000014
29000000
29000001
29000002
29000003
29000004
29000005
29000006
29000007
29000008
29000009
29000010
29000011
29000012
29000013
30000000
30000001
30000002
30000003
30000004
30000005
30000006
30000007
30000008
30000009
30000010
30000011
30000012
30000013
31000000
31000001
31000002
31000003
31000004
31000005
31000006
31000007
31000008
31000009
31000010
31000011
31000012
31000013
32000000
32000001
32000002
32000003
32000004
32000005
32000006
32000007
32000008
32000009
32000010
32000011
32000012
32000013